table1.A,table1.B,table1.C
922,158,5727
640,773,5058
775,85,10164
-551,811,1534
-952,311,1318
-354,646,7063
-497,335,4549
411,803,10519
-900,718,9020
858,731,3668
table1.A,table1.B,table1.C,table2.B,table2.D
922,158,5727,158,11191
922,158,5727,773,14421
922,158,5727,85,5117
922,158,5727,811,13393
922,158,5727,311,16116
922,158,5727,646,5403
922,158,5727,335,6309
922,158,5727,803,12262
922,158,5727,718,10226
922,158,5727,731,13021
640,773,5058,158,11191
640,773,5058,773,14421
640,773,5058,85,5117
640,773,5058,811,13393
640,773,5058,311,16116
640,773,5058,646,5403
640,773,5058,335,6309
640,773,5058,803,12262
640,773,5058,718,10226
640,773,5058,731,13021
775,85,10164,158,11191
775,85,10164,773,14421
775,85,10164,85,5117
775,85,10164,811,13393
775,85,10164,311,16116
775,85,10164,646,5403
775,85,10164,335,6309
775,85,10164,803,12262
775,85,10164,718,10226
775,85,10164,731,13021
-551,811,1534,158,11191
-551,811,1534,773,14421
-551,811,1534,85,5117
-551,811,1534,811,13393
-551,811,1534,311,16116
-551,811,1534,646,5403
-551,811,1534,335,6309
-551,811,1534,803,12262
-551,811,1534,718,10226
-551,811,1534,731,13021
-952,311,1318,158,11191
-952,311,1318,773,14421
-952,311,1318,85,5117
-952,311,1318,811,13393
-952,311,1318,311,16116
-952,311,1318,646,5403
-952,311,1318,335,6309
-952,311,1318,803,12262
-952,311,1318,718,10226
-952,311,1318,731,13021
-354,646,7063,158,11191
-354,646,7063,773,14421
-354,646,7063,85,5117
-354,646,7063,811,13393
-354,646,7063,311,16116
-354,646,7063,646,5403
-354,646,7063,335,6309
-354,646,7063,803,12262
-354,646,7063,718,10226
-354,646,7063,731,13021
-497,335,4549,158,11191
-497,335,4549,773,14421
-497,335,4549,85,5117
-497,335,4549,811,13393
-497,335,4549,311,16116
-497,335,4549,646,5403
-497,335,4549,335,6309
-497,335,4549,803,12262
-497,335,4549,718,10226
-497,335,4549,731,13021
411,803,10519,158,11191
411,803,10519,773,14421
411,803,10519,85,5117
411,803,10519,811,13393
411,803,10519,311,16116
411,803,10519,646,5403
411,803,10519,335,6309
411,803,10519,803,12262
411,803,10519,718,10226
411,803,10519,731,13021
-900,718,9020,158,11191
-900,718,9020,773,14421
-900,718,9020,85,5117
-900,718,9020,811,13393
-900,718,9020,311,16116
-900,718,9020,646,5403
-900,718,9020,335,6309
-900,718,9020,803,12262
-900,718,9020,718,10226
-900,718,9020,731,13021
858,731,3668,158,11191
858,731,3668,773,14421
858,731,3668,85,5117
858,731,3668,811,13393
858,731,3668,311,16116
858,731,3668,646,5403
858,731,3668,335,6309
858,731,3668,803,12262
858,731,3668,718,10226
858,731,3668,731,13021
table1.A,table1.B
922,158
922,158
922,158
922,158
922,158
922,158
922,158
922,158
922,158
922,158
640,773
640,773
640,773
640,773
640,773
640,773
640,773
640,773
640,773
640,773
775,85
775,85
775,85
775,85
775,85
775,85
775,85
775,85
775,85
775,85
-551,811
-551,811
-551,811
-551,811
-551,811
-551,811
-551,811
-551,811
-551,811
-551,811
-952,311
-952,311
-952,311
-952,311
-952,311
-952,311
-952,311
-952,311
-952,311
-952,311
-354,646
-354,646
-354,646
-354,646
-354,646
-354,646
-354,646
-354,646
-354,646
-354,646
-497,335
-497,335
-497,335
-497,335
-497,335
-497,335
-497,335
-497,335
-497,335
-497,335
411,803
411,803
411,803
411,803
411,803
411,803
411,803
411,803
411,803
411,803
-900,718
-900,718
-900,718
-900,718
-900,718
-900,718
-900,718
-900,718
-900,718
-900,718
858,731
858,731
858,731
858,731
858,731
858,731
858,731
858,731
858,731
858,731
table1.B,table2.D
158,11191
158,14421
158,5117
158,13393
158,16116
158,5403
158,6309
158,12262
158,10226
158,13021
773,11191
773,14421
773,5117
773,13393
773,16116
773,5403
773,6309
773,12262
773,10226
773,13021
85,11191
85,14421
85,5117
85,13393
85,16116
85,5403
85,6309
85,12262
85,10226
85,13021
811,11191
811,14421
811,5117
811,13393
811,16116
811,5403
811,6309
811,12262
811,10226
811,13021
311,11191
311,14421
311,5117
311,13393
311,16116
311,5403
311,6309
311,12262
311,10226
311,13021
646,11191
646,14421
646,5117
646,13393
646,16116
646,5403
646,6309
646,12262
646,10226
646,13021
335,11191
335,14421
335,5117
335,13393
335,16116
335,5403
335,6309
335,12262
335,10226
335,13021
803,11191
803,14421
803,5117
803,13393
803,16116
803,5403
803,6309
803,12262
803,10226
803,13021
718,11191
718,14421
718,5117
718,13393
718,16116
718,5403
718,6309
718,12262
718,10226
718,13021
731,11191
731,14421
731,5117
731,13393
731,16116
731,5403
731,6309
731,12262
731,10226
731,13021
table1.B
158
773
85
811
311
646
335
803
718
731
table1.A,table2.B
table1.A,table1.B,table1.C,table2.B,table2.D
table1.A,table1.B,table2.D
table1.A,table1.B,table1.C
922,158,5727
922,158,5727
922,158,5727
922,158,5727
922,158,5727
922,158,5727
922,158,5727
922,158,5727
922,158,5727
922,158,5727
640,773,5058
640,773,5058
640,773,5058
640,773,5058
640,773,5058
640,773,5058
640,773,5058
640,773,5058
640,773,5058
640,773,5058
775,85,10164
775,85,10164
775,85,10164
775,85,10164
775,85,10164
775,85,10164
775,85,10164
775,85,10164
775,85,10164
775,85,10164
-551,811,1534
-551,811,1534
-551,811,1534
-551,811,1534
-551,811,1534
-551,811,1534
-551,811,1534
-551,811,1534
-551,811,1534
-551,811,1534
-952,311,1318
-952,311,1318
-952,311,1318
-952,311,1318
-952,311,1318
-952,311,1318
-952,311,1318
-952,311,1318
-952,311,1318
-952,311,1318
-354,646,7063
-354,646,7063
-354,646,7063
-354,646,7063
-354,646,7063
-354,646,7063
-354,646,7063
-354,646,7063
-354,646,7063
-354,646,7063
-497,335,4549
-497,335,4549
-497,335,4549
-497,335,4549
-497,335,4549
-497,335,4549
-497,335,4549
-497,335,4549
-497,335,4549
-497,335,4549
411,803,10519
411,803,10519
411,803,10519
411,803,10519
411,803,10519
411,803,10519
411,803,10519
411,803,10519
411,803,10519
411,803,10519
-900,718,9020
-900,718,9020
-900,718,9020
-900,718,9020
-900,718,9020
-900,718,9020
-900,718,9020
-900,718,9020
-900,718,9020
-900,718,9020
858,731,3668
858,731,3668
858,731,3668
858,731,3668
858,731,3668
858,731,3668
858,731,3668
858,731,3668
858,731,3668
858,731,3668
table1.A,table2.D
922,11191
922,14421
922,5117
922,13393
922,16116
922,5403
922,6309
922,12262
922,10226
922,13021
640,11191
640,14421
640,5117
640,13393
640,16116
640,5403
640,6309
640,12262
640,10226
640,13021
775,11191
775,14421
775,5117
775,13393
775,16116
775,5403
775,6309
775,12262
775,10226
775,13021
-551,11191
-551,14421
-551,5117
-551,13393
-551,16116
-551,5403
-551,6309
-551,12262
-551,10226
-551,13021
-952,11191
-952,14421
-952,5117
-952,13393
-952,16116
-952,5403
-952,6309
-952,12262
-952,10226
-952,13021
-354,11191
-354,14421
-354,5117
-354,13393
-354,16116
-354,5403
-354,6309
-354,12262
-354,10226
-354,13021
-497,11191
-497,14421
-497,5117
-497,13393
-497,16116
-497,5403
-497,6309
-497,12262
-497,10226
-497,13021
411,11191
411,14421
411,5117
411,13393
411,16116
411,5403
411,6309
411,12262
411,10226
411,13021
-900,11191
-900,14421
-900,5117
-900,13393
-900,16116
-900,5403
-900,6309
-900,12262
-900,10226
-900,13021
858,11191
858,14421
858,5117
858,13393
858,16116
858,5403
858,6309
858,12262
858,10226
858,13021
table1.A,table2.B
922,158
922,773
922,85
922,811
922,311
922,646
922,335
922,803
922,718
922,731
640,158
640,773
640,85
640,811
640,311
640,646
640,335
640,803
640,718
640,731
775,158
775,773
775,85
775,811
775,311
775,646
775,335
775,803
775,718
775,731
-551,158
-551,773
-551,85
-551,811
-551,311
-551,646
-551,335
-551,803
-551,718
-551,731
-952,158
-952,773
-952,85
-952,811
-952,311
-952,646
-952,335
-952,803
-952,718
-952,731
-354,158
-354,773
-354,85
-354,811
-354,311
-354,646
-354,335
-354,803
-354,718
-354,731
-497,158
-497,773
-497,85
-497,811
-497,311
-497,646
-497,335
-497,803
-497,718
-497,731
411,158
411,773
411,85
411,811
411,311
411,646
411,335
411,803
411,718
411,731
-900,158
-900,773
-900,85
-900,811
-900,311
-900,646
-900,335
-900,803
-900,718
-900,731
858,158
858,773
858,85
858,811
858,311
858,646
858,335
858,803
858,718
858,731
max(table1.A)
table1.A,table2.B
922,85
table1.A,table2.B
922,311
table1.B,table2.B
158,158
773,773
85,85
811,811
311,311
646,646
335,335
803,803
718,718
731,731
table1.B,table2.B
158,158
773,773
85,85
803,803
731,731
invalid query
invalid query
No Semi Colon
No Semi Colon
invalid condition
Ambiguous Attributes in condition
invalid query
invalid query
invalid query
invalid condition
No condition after where
invalid condition
table1.A,table1.B,table1.C
922,158,5727
640,773,5058
775,85,10164
411,803,10519
858,731,3668
Invalid Attributes
